6 3 7 8 7 2 9 7 3 8 3 0 2 3 4 6 7 0 3 9 8 4 2 3 8
8 9 3 7 4 2 3 7 7 9 8 9 8 4 7 8 9 2  3 7 4 9 8 3 7 9 8
8 4 7 5 2 3 9 7 2 6 7 0 5 6 5 2 0 8 9 7 5 3 8 9 2 0 6 7 5 3 4 7 8 2
3 6 7 4 3 0 2 6 7 2 0 4 7 3 9 2 7 4 9
9 3 8 4 0 8 3 0 2 4 3 6 0 1 2 6 2 6 0 5 6 0 5 0 6 7 0 2 7 3 4 8 9 2 7 5 4 8 9 2 7
8 3 7 8 7 4 9 3
9 9 9 1 0 4 6 8 9 3 2 0 9 0 1 8 2 3 1 9 8 2 1 9 8 2 8 7 3 0 9 3 7 4 3 5 0 0
2 7 3 6 8 2 3 8 2 6 4 3 8 4 6 2 4 2
1 2 3 4 5 6 7 8 9 0 1 2 3 4 5 6 7 8 9 0
5 6 7 5 2 1 7 3 5 2 8 6 5 2 3 7 6 4 2 8 7 3 6 4 8 2 3 6 4 8 3 7 2 6 4 8 2
